DE	m1
0	0.2029	0.2188	0.2372	0.3411
1	0.2910	0.0159	0.6088	0.0844
2	0.1039	0.0183	0.8362	0.0416
3	0.1406	0.0293	0.8093	0.0208
4	0.8509	0.0220	0.0795	0.0477
5	0.1100	0.0134	0.8227	0.0538
6	0.0831	0.0220	0.8680	0.0269
7	0.0905	0.5685	0.2103	0.1308
8	0.2592	0.1357	0.1589	0.4462
9	0.1467	0.0440	0.7922	0.0171
10	0.7824	0.0147	0.1333	0.0697
11	0.0746	0.0159	0.8790	0.0306
12	0.2005	0.0342	0.7262	0.0391
13	0.1614	0.3191	0.2152	0.3044
14	0.4083	0.0073	0.4083	0.1760
15	0.1540	0.0073	0.8130	0.0257
16	0.1479	0.1357	0.6834	0.0330
17	0.6259	0.0721	0.1932	0.1088
18	0.2482	0.0134	0.7176	0.0208
19	0.2677	0.0489	0.5782	0.1051
20	0.6491	0.0318	0.2922	0.0269
XX
DE	m2
0	0.1082	0.1718	0.1057	0.6143
1	0.1064	0.6174	0.0844	0.1919
2	0.0073	0.8680	0.0196	0.1051
3	0.0636	0.1027	0.0073	0.8264
4	0.1222	0.0073	0.8484	0.0220
5	0.2861	0.0318	0.6626	0.0196
6	0.0587	0.3594	0.4914	0.0905
7	0.0147	0.8191	0.0024	0.1638
8	0.0440	0.0611	0.0098	0.8851
9	0.0000	0.9511	0.0171	0.0318
10	0.8435	0.0709	0.0122	0.0733
11	0.6577	0.0171	0.2469	0.0782
12	0.0954	0.1149	0.7775	0.0122
13	0.1394	0.3423	0.0318	0.4866
14	0.2347	0.1491	0.5281	0.0880
15	0.6870	0.1271	0.0660	0.1198
16	0.0147	0.1443	0.0147	0.8264
17	0.0122	0.7090	0.0196	0.2592
18	0.0416	0.8215	0.0073	0.1296
19	0.2225	0.0538	0.0440	0.6797
20	0.0911	0.5972	0.1449	0.1669
XX
DE	m3
0	0.0980	0.3806	0.2286	0.2929
1	0.0058	0.9415	0.0136	0.0390
2	0.0019	0.0117	0.0000	0.9864
3	0.0507	0.1423	0.6511	0.1559
4	0.1189	0.0409	0.4386	0.4016
5	0.6901	0.0097	0.2963	0.0039
6	0.7173	0.0448	0.1462	0.0916
7	0.0078	0.4035	0.0351	0.5536
8	0.0214	0.4094	0.0234	0.5458
9	0.2047	0.7096	0.0078	0.0780
10	0.0078	0.9552	0.0058	0.0312
11	0.6296	0.0175	0.0156	0.3372
12	0.0487	0.0000	0.9474	0.0039
13	0.1326	0.3957	0.4464	0.0253
14	0.3294	0.3275	0.1267	0.2164
15	0.2632	0.5906	0.1053	0.0409
16	0.0156	0.1852	0.0019	0.7973
17	0.0097	0.3899	0.2183	0.3821
18	0.3996	0.1287	0.0487	0.4230
19	0.3314	0.0565	0.5887	0.0234
XX
DE	m4
0	0.1982	0.3275	0.1716	0.3027
1	0.0580	0.5854	0.0149	0.3416
2	0.0149	0.0149	0.0083	0.9619
3	0.0050	0.2222	0.3267	0.4461
4	0.0580	0.3167	0.0000	0.6252
5	0.2521	0.2670	0.0182	0.4627
6	0.2886	0.1741	0.0100	0.5274
7	0.0000	0.2156	0.0017	0.7828
8	0.0000	0.4610	0.0083	0.5307
9	0.0232	0.4478	0.0282	0.5008
10	0.0249	0.5821	0.0182	0.3748
11	0.2355	0.0978	0.0149	0.6517
12	0.0033	0.0912	0.3400	0.5655
13	0.0100	0.5672	0.0133	0.4096
14	0.2255	0.2371	0.0083	0.5290
15	0.0033	0.4494	0.0000	0.5473
16	0.0299	0.1957	0.0116	0.7629
17	0.0017	0.3914	0.0133	0.5937
18	0.0249	0.0697	0.0000	0.9055
19	0.0100	0.2902	0.3748	0.3250
XX
DE	m5
0	0.2645	0.2618	0.1316	0.3421
1	0.0000	1.0000	0.0000	0.0000
2	0.0000	1.0000	0.0000	0.0000
3	1.0000	0.0000	0.0000	0.0000
4	0.0000	0.0000	1.0000	0.0000
5	0.0000	1.0000	0.0000	0.0000
6	0.0000	1.0000	0.0000	0.0000
7	0.0000	0.0000	0.0000	1.0000
8	0.0000	0.3463	0.6537	0.0000
9	0.2022	0.1801	0.4183	0.1994
XX
DE	m6
0	0.1164	0.2802	0.4325	0.1710
1	0.0000	1.0000	0.0000	0.0000
2	0.0000	0.0000	0.0000	1.0000
3	0.0000	0.0000	1.0000	0.0000
4	0.0000	0.0000	1.0000	0.0000
5	0.0575	0.0000	0.9425	0.0000
6	0.6092	0.3908	0.0000	0.0000
7	0.0000	0.3851	0.0000	0.6149
8	0.0000	0.4741	0.0000	0.5259
9	0.6638	0.3362	0.0000	0.0000
10	0.3218	0.6782	0.0000	0.0000
11	0.5050	0.1372	0.2091	0.1487
XX
DE	m7
0	0.1917	0.2238	0.1859	0.3987
1	0.0000	0.0000	0.0000	1.0000
2	0.0000	0.0000	0.1050	0.8950
3	0.0000	0.0000	0.0000	1.0000
4	0.0000	0.0000	0.2128	0.7872
5	0.0000	0.0000	0.0000	1.0000
6	0.0000	0.0875	0.2857	0.6268
7	0.0000	0.0000	0.0000	1.0000
8	0.0000	0.0000	0.0787	0.9213
9	0.0000	0.0000	0.0000	1.0000
10	0.0000	0.0000	0.1224	0.8776
11	0.1851	0.1910	0.1910	0.4329
XX
DE	m8
0	0.4199	0.0000	0.2236	0.3565
1	0.0000	0.0000	1.0000	0.0000
2	1.0000	0.0000	0.0000	0.0000
3	0.0000	0.0000	1.0000	0.0000
4	0.4139	0.0000	0.5861	0.0000
5	0.0000	0.8701	0.1299	0.0000
6	1.0000	0.0000	0.0000	0.0000
7	0.0000	0.0000	1.0000	0.0000
8	0.0000	0.0000	1.0000	0.0000
9	0.3663	0.1427	0.3663	0.1246
XX
DE	m9
0	0.160	0.092	0.076	0.672
1	0.109	0.125	0.141	0.625
2	0.000	1.000	0.000	0.000
3	0.000	1.000	0.000	0.000
4	1.000	0.000	0.000	0.000
5	0.000	0.000	1.000	0.000
6	0.000	0.000	1.000	0.000
7	1.000	0.000	0.000	0.000
8	1.000	0.000	0.000	0.000
9	1.000	0.000	0.000	0.000
10	0.228	0.220	0.228	0.324
XX
DE	m10
0	0.1926	0.0204	0.2889	0.4981
1	0.0352	0.0148	0.7852	0.1648
2	0.0778	0.0352	0.5167	0.3704
3	0.0796	0.0259	0.8111	0.0833
4	0.1981	0.0185	0.3926	0.3907
5	0.1778	0.0111	0.6722	0.1389
6	0.0704	0.0074	0.4833	0.4389
7	0.0944	0.0056	0.8315	0.0685
8	0.0833	0.0481	0.4759	0.3926
9	0.2296	0.1000	0.6519	0.0185
10	0.2130	0.0056	0.2759	0.5056
11	0.0759	0.0130	0.8111	0.1000
12	0.1148	0.0519	0.4796	0.3537
13	0.1296	0.0037	0.8481	0.0185
14	0.1241	0.0111	0.4259	0.4389
15	0.0944	0.2185	0.6519	0.0352
16	0.2037	0.0278	0.1926	0.5759
17	0.0333	0.0074	0.8759	0.0833
18	0.1444	0.0056	0.5037	0.3463
19	0.0815	0.0074	0.8778	0.0333
20	0.2449	0.2097	0.2764	0.2690
XX
DE	m11
0	0.1862	0.3086	0.2070	0.2982
1	0.0000	1.0000	0.0000	0.0000
2	0.0000	0.0000	0.0000	1.0000
3	0.0000	0.0000	1.0000	0.0000
4	0.0000	1.0000	0.0000	0.0000
5	0.0000	1.0000	0.0000	0.0000
6	0.0000	1.0000	0.0000	0.0000
7	0.0000	0.0000	0.0000	1.0000
8	0.1081	0.3477	0.2930	0.2513
XX
DE	m12
0	0.0000	1.0000	0.0000	0.0000
1	0.3487	0.2815	0.0000	0.3697
2	0.0000	1.0000	0.0000	0.0000
3	0.0000	0.0000	0.0000	1.0000
4	0.0000	0.2017	0.7983	0.0000
5	0.0000	1.0000	0.0000	0.0000
6	0.7017	0.0000	0.0000	0.2983
7	0.0000	0.0000	1.0000	0.0000
8	0.0000	1.0000	0.0000	0.0000
9	0.1996	0.4643	0.0357	0.3004
XX
DE	m13
0	0.2095	0.2751	0.1830	0.3324
1	0.0000	0.0000	0.0000	1.0000
2	0.0000	0.0000	0.0000	1.0000
3	0.0000	1.0000	0.0000	0.0000
4	0.0670	0.4972	0.0014	0.4344
5	0.2444	0.0000	0.3631	0.3925
6	0.0000	0.0000	1.0000	0.0000
7	0.0000	0.0000	1.0000	0.0000
8	1.0000	0.0000	0.0000	0.0000
9	1.0000	0.0000	0.0000	0.0000
10	0.6006	0.0000	0.2654	0.1341
11	0.1955	0.1885	0.2249	0.3911
XX
DE	m14
0	0.1606	0.2093	0.1958	0.4343
1	0.0000	1.0000	0.0000	0.0000
2	0.0000	1.0000	0.0000	0.0000
3	1.0000	0.0000	0.0000	0.0000
4	0.0000	0.0000	1.0000	0.0000
5	0.0000	0.0000	1.0000	0.0000
6	0.5772	0.4228	0.0000	0.0000
7	1.0000	0.0000	0.0000	0.0000
8	0.0000	0.0000	1.0000	0.0000
9	0.2696	0.2425	0.2290	0.2588
XX
DE	m15
0	0.2193	0.2689	0.2950	0.2167
1	0.0000	1.0000	0.0000	0.0000
2	0.4256	0.0000	0.0000	0.5744
3	0.0000	0.0000	1.0000	0.0000
4	0.2950	0.0000	0.7050	0.0000
5	0.0496	0.0000	0.9504	0.0000
6	0.2715	0.7285	0.0000	0.0000
7	0.6031	0.0000	0.0000	0.3969
8	0.0000	0.0000	1.0000	0.0000
9	0.4178	0.0000	0.3264	0.2559
10	0.0000	0.0000	1.0000	0.0000
XX
DE	m16
0	0.1681	0.2900	0.2572	0.2847
1	0.0000	1.0000	0.0000	0.0000
2	0.0000	0.0000	0.0000	1.0000
3	0.0000	1.0000	0.0000	0.0000
4	0.0000	0.0000	0.0000	1.0000
5	0.0000	0.0000	1.0000	0.0000
6	0.0000	0.0000	0.4758	0.5242
7	0.0000	0.0000	1.0000	0.0000
8	0.2431	0.2628	0.2444	0.2497
XX
DE	m17
0	0.2753	0.2692	0.2814	0.1741
1	0.2485	0.5276	0.2239	0.0000
2	1.0000	0.0000	0.0000	0.0000
3	0.0000	0.0000	1.0000	0.0000
4	0.3988	0.1503	0.4509	0.0000
5	1.0000	0.0000	0.0000	0.0000
6	0.5767	0.0000	0.4233	0.0000
7	0.2209	0.3497	0.4294	0.0000
8	1.0000	0.0000	0.0000	0.0000
9	0.0000	0.0000	1.0000	0.0000
10	0.4080	0.1994	0.3926	0.0000
11	1.0000	0.0000	0.0000	0.0000
XX
DE	m18
0	0.2658	0.1893	0.4241	0.1207
1	0.0106	0.0053	0.0026	0.9815
2	0.0211	0.1214	0.8470	0.0106
3	0.8549	0.0000	0.0000	0.1451
4	0.0712	0.0475	0.8813	0.0000
5	0.1478	0.5884	0.0000	0.2639
6	0.0079	0.9868	0.0000	0.0053
7	0.7678	0.1346	0.0026	0.0950
8	0.0000	0.9815	0.0026	0.0158
9	0.1478	0.5013	0.0158	0.3351
10	0.3377	0.1161	0.4459	0.1003
11	0.0396	0.4670	0.0264	0.4670
12	0.2032	0.3008	0.3113	0.1847
13	0.0132	0.6755	0.0000	0.3113
14	0.0132	0.8575	0.0000	0.1293
15	0.1398	0.4380	0.0000	0.4222
16	0.4169	0.0528	0.3799	0.1504
XX
DE	m19
0	0.0024	0.9976	0.0000	0.0000
1	0.4203	0.2488	0.0169	0.3140
2	0.0000	1.0000	0.0000	0.0000
3	0.6014	0.0121	0.0024	0.3841
4	0.0000	0.0000	0.9976	0.0024
5	0.0749	0.4106	0.2005	0.3140
6	0.1304	0.5628	0.1473	0.1594
7	0.1763	0.7005	0.0000	0.1232
8	0.0000	1.0000	0.0000	0.0000
9	0.3261	0.0097	0.0048	0.6594
10	0.0000	0.0000	1.0000	0.0000
11	0.0797	0.2729	0.6304	0.0169
12	0.3285	0.3865	0.0966	0.1884
XX
DE	m20
0	0.2935	0.2484	0.1968	0.2613
1	0.0000	0.0000	0.0000	1.0000
2	0.0000	0.0000	0.0000	1.0000
3	0.0000	0.0000	0.0000	1.0000
4	0.0000	0.6032	0.0000	0.3968
5	0.0000	1.0000	0.0000	0.0000
6	0.0000	0.0000	0.0000	1.0000
7	0.0000	0.0000	1.0000	0.0000
8	0.0000	0.0000	0.0000	1.0000
9	0.2992	0.2056	0.2540	0.2411
XX
DE	m21
0	0.2327	0.3290	0.2475	0.1907
1	0.0000	1.0000	0.0000	0.0000
2	0.0000	1.0000	0.0000	0.0000
3	1.0000	0.0000	0.0000	0.0000
4	0.0000	0.0000	1.0000	0.0000
5	0.0000	1.0000	0.0000	0.0000
6	1.0000	0.0000	0.0000	0.0000
7	0.0000	0.0000	1.0000	0.0000
8	0.2568	0.2914	0.2593	0.1926
XX
DE	m22
0	0.3407	0.1348	0.1544	0.3701
1	0.0000	0.0000	0.0000	1.0000
2	0.0000	0.0000	0.0000	1.0000
3	0.0000	0.0000	0.0000	1.0000
4	1.0000	0.0000	0.0000	0.0000
5	0.0000	0.0000	0.0000	1.0000
6	0.0000	0.0000	0.0000	1.0000
7	0.0000	0.0000	0.0000	1.0000
8	0.2794	0.2745	0.0000	0.4461
9	0.0000	0.0000	0.0000	1.0000
XX
DE	m23
0	0.1713	0.3102	0.3056	0.2130
1	0.0000	1.0000	0.0000	0.0000
2	0.0000	0.0000	0.0000	1.0000
3	0.0000	0.0000	1.0000	0.0000
4	0.0000	0.0000	1.0000	0.0000
5	0.0000	1.0000	0.0000	0.0000
6	0.5278	0.0000	0.0000	0.4722
7	0.0000	0.0000	1.0000	0.0000
8	0.0000	0.0000	1.0000	0.0000
9	0.3299	0.2558	0.3160	0.0984
XX
DE	m24
0	0.2447	0.1493	0.4355	0.1705
1	0.4523	0.0000	0.5477	0.0000
2	0.0000	0.0000	1.0000	0.0000
3	0.0000	0.0000	1.0000	0.0000
4	0.0000	0.0000	0.0000	1.0000
5	0.0000	0.0000	1.0000	0.0000
6	0.0000	0.0000	1.0000	0.0000
7	0.0000	0.0000	1.0000	0.0000
8	0.0000	0.0000	1.0000	0.0000
9	0.3198	0.2385	0.2350	0.2067
XX
DE	m25
0	0.1305	0.3990	0.2220	0.2485
1	0.0000	1.0000	0.0000	0.0000
2	0.0000	0.0000	0.0000	1.0000
3	0.0000	0.3894	0.6106	0.0000
4	0.0000	1.0000	0.0000	0.0000
5	0.0000	1.0000	0.0000	0.0000
6	0.0000	0.0000	0.0000	1.0000
7	0.0000	0.5841	0.4159	0.0000
8	0.4985	0.0000	0.0000	0.5015
9	0.0000	0.0000	1.0000	0.0000
10	0.1645	0.3650	0.2618	0.2087
XX
